0.0000 0.0150
10.0000 0.0280
20.0000 0.0374
30.0000 0.0378
40.0000 0.0437
50.0000 0.0414
60.0000 0.0436
70.0000 0.0468
80.0000 0.0677
90.0000 0.0870
100.0000 0.1463
110.0000 0.1544
120.0000 0.1683
130.0000 0.1911
140.0000 0.3351
150.0000 0.5790
160.0000 0.6092
170.0000 0.7580
180.0000 0.5634
190.0000 0.4520
200.0000 0.3650
210.0000 0.2505
220.0000 0.1943
230.0000 0.1869
240.0000 0.1393
250.0000 0.1147
260.0000 0.0902
270.0000 0.0770
280.0000 0.0699
290.0000 0.0590
300.0000 0.0625
310.0000 0.0395
320.0000 0.0214
330.0000 0.0130
340.0000 0.0113
350.0000 0.0130
